   0.000 
  900.000 
 1800.000 
 2700.000 
 5400.000 
 8100.000 
 10800.000 
 13500.000 
 16200.000 
 18900.000 
 21600.000 
 24300.000 
 27000.000 
 29700.000 
 32400.000 
 35100.000 
 37800.000 
 40500.000 
 43200.000 
 45900.000 
 48600.000 
 51300.000 
 54000.000 
 56700.000 
 59400.000 
 62100.000 
 64800.000 
 67500.000 
 70200.000 
 72900.000 
 75600.000 
 78300.000 
 81000.000 
 83700.000 
 86400.000 
 89100.000 
 91800.000 
 94500.000 
 97200.000 
 102600.000 
 108000.000 
 113400.000 
 118800.000 
 124200.000 
 129600.000 
 